0,Reception,0,0,0,1,139
1,Branch 9,0,2,0,0,2,18
2,Branch 7,0,5,0,1,3,17
3,Branch 6,0,8,0,2,4,20
4,Men's Toilets,0,10,0,3,5
5,Women's Toilets,0,14,0,4,6
6,Disabled Toilets,0,15,0,5,7
7,E1,0,19,0,6,8,37
8,Stairs,-3,19,0,7,9,47
9,C9,-11,19,0,8,10
10,C8,-20,19,0,9,11
11,Branch,-28,19,0,10,12,21
12,C7,-29,19,0,11,13
13,Branch 2,-32,19,0,12,14,23
14,Branch 3,-32,11,0,13,15,30
15,Branch 4,-32,3,0,14,16,31
16,Branch 5,-32,0,0,15,17,33
17,Hall,-16,0,0,2,16,34
18,Staff Corridor,2,2,0,1,19
19,Door,2,8,0,18,20,137
20,Stairs,1,8,0,3,19,41
21,C7/C8,-28,28,0,11,22
22,Door 2,-28,29,0,21,77,100,181
23,C6,-37,19,0,13,24
24,C2,-38,19,0,23,25
25,C4,-46,19,0,24,26,27
26,C3,-46,16,0,25
27,C6,-46,29,0,25,28
28,Door 4,-46,31,0,27,29,175
29,C5,-46,32,0,28
30,Men's Toilets,-35,11,0,14
31,Changing Room,-37,3,0,15,32
32,Door 3,-41,3,0,31,162
33,Gym,-35,0,0,16
34,Canteen,-16,-10,0,17,35
35,Dummy,-16,-20,0,34,36
36,Door 5,-20,-20,0,35,145
37,D2/D6,13,19,0,7,38
38,Branch,17,19,0,37,39,40
39,D4,17,16,0,38
40,Workshop,22,19,0,38
41,Dummy,1,3,3,20,42
42,Dummy 2,2,3,3,41,43
43,ASD Department,2,4,3,42,44
44,Dummy 3,2,8,4,43,45
45,Library,1,8,4,44,46
46,Stairs,1,7,4,45,53
47,Dummy,-3,16,2,8,48
48,Dummy 2,-4,16,2,47,49
49,Dummy 3,-4,19,4,48,50
50,Stairs,-3,19,4,49,51,63
51,E12,-1,19,4,50,52
52,E13,0,19,4,51
53,Dummy,1,4,6,46,54
54,Dummy 2,2,4,6,53,55
55,Dummy 3,2,7,8,54,56
56,Stairs,1,7,8,55,57,66
57,E20,0,7,8,56,58
58,E21,0,10,8,57,59
59,E22,0,16,8,58,60
60,E24,0,19,8,59,61
61,E23,-1,19,8,60,62
62,Stairs,-3,19,8,61,65,71
63,Dummy,-3,16,6,50,64
64,Dummy 2,-4,16,6,63,65
65,Dummy 3,-4,19,8,62,64
66,Dummy,1,4,10,56,67
67,Dummy 2,2,4,10,66,68
68,Stairs,2,7,12,67,69
69,E30,0,7,12,68,70
70,E31,0,10,69
71,Dummy,-3,16,10,62,72
72,Dummy 2,-4,16,10,71,73
73,Stairs,-4,19,12,72,74
74,E33,-1,19,12,73,75
75,E34,0,19,12,74,76
76,E32,0,15,12,75
77,Door,-28,41,0,22,78
78,Entrance,-28,43,0,77,79,87
79,B1,-28,47,0,78,80,81
80,B5,-31,47,0,79
81,B2,-27,47,0,79,82
82,Women's Toilets,-26,47,0,81,83
83,Men's Toilets,-25,47,0,82,84
84,B3,-18,47,0,83,85
85,B4,-15,47,0,84
86,B6,-10,47,0,85
87,Stairs,-31,43,0,78,88
88,Dummy,-31,41,2,89
89,Dummy 2,-30,41,2,90
90,Stairs,-30,43,4,91
91,B10,-30,46,4,90,92
92,B11,-30,47,4,91,93
93,B12,-27,47,4,92,94
94,B16,-26,47,4,93,95
95,B13,-24,47,4,94,96
96,B14,-17,47,4,95,97
97,B15,-14,47,4,96,98
98,Stairs,-12,47,4,99
99,Dummy,-12,40,0,98,100
100,Dummy 2,-12,29,0,22,101
101,Playground,8,29,0,100,110
102,Door,8,56,0,101,103
103,Entrance,6,56,0,102,104,106
104,B7,6,63,0,103,105
105,B8,6,64,0,104,106
106,Branch,6,51,0,105,107,109
107,Men's Toilets/Women's Toilets,5,51,0,106,108
108,Disabled Toilets,3,51,0,107
109,B6,6,48,0,106
110,Playground,48,29,0,101,111
111,Dummy,48,24,0,110,112
112,Door,63,24,0,111,113
113,Branch,66,24,0,112,114,119
114,Branch 2,71,24,0,113,115,116,117
115,Sports Hall,71,27,0,114
116,Changing Room,71,23,0,114
117,S2,78,24,0,114,118
118,Fitness Room,83,24,0,117
119,Stairs,66,22,0,113,120
120,Dummy,66,20,1,119,121
121,Dummy 2,64,20,2,120,122
122,Stairs,64,22,4,121,123
123,Disabled Toilets,68,22,4,122,124
124,Men's Toilets/S11,69,22,4,123,125
125,Women's Toilets,71,22,4,124,126
126,Common Room,72,22,4,125
127,Dummy,48,21,0,111,128,135
128,Dummy 2,98,21,0,127,129
129,L1,98,26,0,128,130
130,Branch,98,31,0,129,131,132
131,L2/L3,98,41,0,130
132,Dummy,113,31,0,130,133
133,Dummy,113,41,0,132,134
134,L4/L5,135,41,0,133
135,Branch,48,11,0,127,136,138
136,Dummy,35,11,0,135,137
137,Dummy 2,35,8,0,136,137
138,Dummy,48,-9,0,135,139
139,Branch,0,-9,0,0,138
140,Branch,0,-29,0,139,141,142,144
141,Cafe 42,23,-29,0,140
142,Dummy,0,-44,0,140,143
143,Swimming Pool,-35,-44,0,142
144,M6,-15,-29,0,140,145
145,Branch,-20,-29,0,36,144,146
146,M5,-35,-29,0,145,147,148
147,M1,-35,-19,0,146
148,M4,-47,-29,0,146,149
149,Branch,-57,-29,0,148,150,160
150,J1,-67,-29,0,149,151,158
151,Dummy,-70,-29,2,150,152
152,Dummy 2,-70,-28,2,151,153
153,Dummy 3,-67,-28,4,152,154
154,Stairs,-65,-28,4,153,155
155,J11,-65,-27,4,154,156,157
156,J10,-67,-27,4,155
157,J12,-64,-27,4,155
158,Dummy,-87,-29,0,150,159
159,Pavilion,-87,-39,0,158
160,M3,-57,-19,0,149,161
161,Dummy,-62,-19,0,160,162
162,Branch,-62,3,0,32,161,163
163,Door,-62,43,1,162,164,166,174
164,A1,-63,43,1,163,165
165,A2,-63,44,1,164,166
166,Branch,-62,44,1,163,165,167,168
167,Men's Toilets,-61,44,1,166
168,Branch 2,-62,48,1,166,169,172
169,Dummy,-62,52,1,168,170
170,A2,-63,52,1,169,171
171,A3,-62,53,1,170
172,Women's Toilets,-60,52,1,168,173
173,A4,-58,52,1,172
174,Branch,-45,43,1,163,175,176
175,Branch,-45,31,0,28,174,182
176,Dummy,-37,43,1,174,177
177,Dummy 2,-37,39,1,176,178
178,Dummy 3,-44,39,1,177,179
179,Dummy 4,-44,35,1,178,180
180,Dummy 5,-37,35,0,179,181
181,Branch,-37,29,0,22,180,182
182,Dummy,-45,29,0,175,181